994
75 149
260 422
760 240
973 711
63 87
434 535
10 9
109 68
214 172
645 533
539 654
303 15
533 994
640 24
980 37
14 24
155 145
463 87
121 759
259 394
189 587
174 118
212 195
657 539
69 12
835 744
873 833
105 20
483 466
206 965
818 800
355 889
947 146
605 481
420 871
482 202
202 100
296 355
78 545
5 16
230 460
263 30
217 147
665 36
101 121
243 174
62 29
456 978
78 566
210 561
231 510
421 958
321 711
39 22
452 141
876 565
181 441
746 519
352 251
38 874
233 62
156 360
137 78
185 122
108 758
177 536
21 506
6 8
43 160
261 164
831 727
849 365
74 294
638 632
127 466
37 4
29 44
127 116
778 595
546 310
147 617
883 571
777 542
197 496
405 179
6 300
567 60
43 945
290 502
249 517
15 96
461 249
230 264
308 88
614 484
189 72
774 55
729 12
74 511
38 652
782 787
743 601
212 508
494 62
57 221
739 203
837 61
622 934
967 896
537 404
318 962
459 25
756 731
258 8
528 440
237 211
423 15
911 719
365 793
271 384
379 150
244 323
908 554
226 155
987 196
180 712
40 5
769 512
316 931
271 151
11 90
984 723
532 893
377 725
553 666
670 440
291 771
372 570
496 977
159 713
20 42
442 188
91 62
39 857
166 372
648 72
279 53
940 295
147 52
455 747
617 843
129 500
704 80
198 180
94 186
144 45
67 93
151 407
763 294
454 162
846 681
141 530
990 434
178 699
53 82
166 608
544 961
169 952
51 92
317 628
815 881
184 701
827 948
870 692
20 14
245 382
27 141
76 223
529 45
960 210
592 48
148 128
124 88
671 728
789 486
15 921
140 557
52 369
766 538
39 983
302 280
728 730
73 81
671 141
108 397
697 358
684 399
271 373
260 635
38 15
551 7
330 73
166 15
647 354
82 275
358 165
84 425
170 721
388 451
9 57
227 898
15 43
515 351
20 156
187 8
174 193
37 719
792 480
139 88
44 533
323 391
335 230
390 258
600 258
45 534
12 329
597 624
64 29
901 158
516 254
116 129
319 245
727 159
694 239
513 412
458 353
914 74
445 543
609 314
655 752
373 440
101 168
162 125
197 956
209 130
392 58
820 313
456 296
799 529
276 80
852 637
403 219
496 544
841 813
211 396
361 351
188 119
519 203
745 345
404 25
339 248
46 138
559 154
83 16
216 120
204 833
384 424
976 15
737 274
718 111
263 493
252 164
644 903
210 116
842 831
29 172
373 468
180 183
376 258
411 319
23 161
384 621
314 28
139 311
467 104
494 811
163 296
954 101
177 485
44 219
435 812
56 72
809 125
597 18
341 95
68 199
32 135
291 866
1 2
123 74
188 333
422 716
596 297
182 475
506 734
7 633
128 132
155 348
231 53
439 495
46 61
176 474
24 26
606 314
564 109
374 689
43 295
98 94
239 462
205 282
34 50
904 829
869 812
481 813
194 119
222 151
661 449
21 15
660 556
371 56
300 367
222 944
109 992
10 17
225 228
428 749
801 985
613 909
21 569
46 20
723 782
646 445
208 174
2 195
16 41
421 105
297 290
80 115
788 591
438 625
951 189
969 122
392 651
751 741
449 672
259 33
167 492
572 594
357 170
682 676
238 963
356 140
669 40
5 4
214 242
136 480
215 73
244 484
130 84
179 337
132 770
696 267
117 78
576 209
499 750
479 158
90 280
690 624
620 618
702 62
164 253
201 154
880 609
597 735
819 651
46 283
308 941
159 116
503 201
910 589
508 783
23 972
182 125
146 6
17 97
312 321
722 741
55 1
844 78
248 208
181 250
352 632
505 582
160 754
387 12
585 970
876 920
655 91
131 395
591 280
61 290
834 566
744 522
386 110
167 147
188 829
692 135
603 141
104 427
234 653
342 822
556 222
657 986
198 414
4 85
34 86
785 60
36 491
250 443
9 3
779 179
477 166
83 150
251 896
211 90
575 681
872 670
446 386
501 586
875 366
207 101
679 77
349 630
406 344
229 99
581 287
96 154
413 189
393 96
781 11
950 122
540 715
488 560
142 428
123 634
24 63
181 971
158 92
472 550
298 37
338 282
275 417
71 370
36 659
66 204
256 590
39 78
18 2
607 195
588 804
339 814
381 326
30 22
957 364
284 688
110 772
312 604
109 377
69 76
374 62
568 461
479 526
431 215
109 449
321 639
588 70
511 939
23 21
345 865
238 964
220 673
167 856
912 632
262 691
828 936
579 534
637 607
359 92
246 469
981 602
23 88
583 370
29 101
459 629
432 439
38 45
717 313
48 10
75 206
230 478
169 78
525 222
120 96
248 327
613 501
28 94
724 890
107 64
27 26
332 20
347 325
537 723
552 475
674 301
265 27
454 524
71 48
127 531
4 6
707 468
205 198
473 497
337 380
278 401
867 29
733 49
74 113
75 578
245 220
456 917
764 560
849 862
577 676
266 178
815 894
108 170
541 703
36 17
73 757
886 807
512 239
623 458
502 780
375 120
731 101
125 176
434 157
36 89
175 47
602 864
151 213
946 667
258 824
128 331
798 796
795 734
114 289
296 816
340 170
349 122
29 74
247 95
638 726
930 916
160 470
13 22
90 173
281 210
270 85
342 50
16 51
465 16
169 933
20 292
861 122
176 239
636 218
398 615
720 580
274 306
293 105
121 345
337 448
114 455
351 266
326 1
444 396
218 57
658 41
180 66
761 39
53 224
685 139
178 979
471 408
627 481
451 708
107 122
959 450
73 318
907 596
810 314
34 473
366 135
401 539
619 109
549 393
345 385
257 24
194 966
596 786
584 238
164 152
57 110
255 324
59 220
73 18
790 604
322 310
343 350
5 15
845 390
348 518
71 278
204 238
13 25
191 59
324 457
179 138
15 309
543 884
169 284
176 562
662 503
235 132
280 664
850 532
178 415
120 919
218 432
433 107
913 587
52 22
26 58
175 178
675 122
808 744
127 354
410 127
738 187
572 158
925 4
805 452
719 794
416 91
663 499
144 230
249 199
34 116
128 96
426 935
24 67
714 394
397 438
2 3
152 310
429 179
860 473
400 346
139 171
598 383
87 260
553 135
285 677
809 932
53 626
38 75
9 31
622 342
974 681
585 209
121 142
111 21
117 840
468 616
650 203
134 26
649 706
249 344
437 705
900 413
588 762
567 643
182 775
25 29
14 49
244 574
50 145
848 64
241 90
802 684
377 955
7 34
5 112
991 634
273 922
424 817
487 301
595 377
60 929
311 353
21 447
57 84
806 525
481 388
70 34
509 325
363 505
514 475
61 102
554 142
126 177
678 85
620 800
618 107
92 383
47 35
899 628
828 673
622 823
92 225
339 364
653 989
527 444
916 240
118 69
24 826
97 571
918 753
65 66
54 44
203 149
589 879
49 776
254 147
10 14
988 50
494 523
784 796
16 520
359 897
187 325
512 847
23 56
791 64
281 304
256 61
504 83
363 345
887 253
197 119
687 684
465 532
5 12
159 196
334 803
902 679
825 465
163 538
765 730
240 285
124 313
10 157
35 33
540 463
949 328
419 299
1 336
486 279
402 233
456 488
91 542
270 740
686 168
968 858
217 299
227 219
801 261
938 380
56 736
238 610
7 1
234 147
815 643
240 109
384 408
99 44
602 161
269 35
982 971
490 115
244 224
109 668
114 81
667 472
614 797
37 106
389 337
430 393
575 137
923 885
334 10
656 722
311 399
443 693
18 888
144 165
953 526
695 443
4 28
853 83
151 65
854 255
163 157
593 502
236 144
565 454
212 328
366 937
927 267
80 541
755 436
59 21
284 378
698 330
412 276
339 855
418 127
860 926
830 40
658 773
65 11
821 715
291 41
387 409
451 476
836 124
287 188
96 710
219 273
91 103
246 121
33 7
724 515
317 213
498 365
316 680
147 784
10 19
599 380
398 82
353 656
2 4
221 501
499 975
232 5
247 464
507 295
200 190
131 450
416 445
181 43
133 14
268 4
611 339
136 91
435 191
565 877
22 32
521 471
859 68
125 119
891 5
